22 serialization::archive 15 0 0 0 0 4 0 0 0 100 3 1 0
0 0 0 6 0 5 1 0
1 5 multi 10 13.12.2088 5 22.29 100 6 1 0
2 5 popek 5 popek 5 popek 11 kocham mame 0 0 0 0 4 0 103 102 101 100 5
3 4 dupa 10 13.12.2088 5 22.28 100 6 2 5
4 18 bardzo bardzo male 7 1311118 3 222 100 6
5 4 dupa 4 dupa 4 dupa 1   0 0 4 0 103 102 101 100 5
6 11 bardzo male 7 1311118 3 220 100 6 5 5
7 4 male 7 1311118 3 220 100 6 5 5
8 7 kutaski 7 1311118 3 220 100 6 5 2 0 6 5 6 2 100 101 3
9 1 0 5
10 3 asd 10 13.12.2088 5 22.29 101 6 5 2 0 6 5 6 2 101 102 3
11 0 0 2 0 6 5 6 2 102 103 3
12 0 0 2 0 6 5 6 2 103 0 0 2 0 0 0 4 dupa 6 5 5 popek 6 2
